2017-07-23	3,087,159.18121960
2017-07-22	2,977,797.57183898
2017-07-21	3,091,555.54848836
2017-07-20	2,570,777.95176861
2017-07-19	2,602,769.73466030
2017-07-18	2,490,791.48127305
2017-07-17	2,179,880.68213341
2017-07-16	2,290,672.37440956
2017-07-15	2,522,740.89683391
2017-07-14	2,689,983.26398755
2017-07-13	2,732,059.05366435
2017-07-12	2,674,978.04793594
2017-07-11	2,748,764.18748050
2017-07-10	2,914,572.86170423
2017-07-09	2,965,800.88786877
2017-07-08	2,904,732.09805671
2017-07-07	3,023,367.78096876
2017-07-06	3,014,561.11337428
2017-07-05	2,997,028.29580191
2017-07-04	2,954,078.90894372
2017-07-03	2,873,374.08975486
2017-07-02	2,781,339.88004977
2017-07-01	2,861,978.33086348
2017-06-30	2,852,410.89443516
2017-06-29	2,924,990.58108691
2017-06-28	2,904,807.96875850
2017-06-27	2,797,295.51480040
2017-06-26	2,945,854.36739165
2017-06-25	2,971,325.68402608
2017-06-24	3,112,390.59257896
2017-06-23	3,111,194.83455010
2017-06-22	3,109,070.54374809
2017-06-21	3,147,487.23923146
2017-06-20	2,985,540.33898093
2017-06-19	2,917,824.74089790
2017-06-18	3,037,745.23040992
2017-06-17	2,850,232.53927891
2017-06-16	2,766,153.88092893
2017-06-15	2,787,384.74485517
2017-06-14	3,087,914.20140000
2017-06-13	3,066,858.99650000
2017-06-12	3,391,730.22390000
2017-06-11	3,305,097.52290000
2017-06-10	3,187,110.27690000
2017-06-09	3,173,617.87980000
2017-06-08	3,022,560.42680000
2017-06-07	3,258,468.92630000
2017-06-06	3,058,337.25130000
2017-06-05	2,855,781.25910000
2017-06-04	2,857,997.26890000
2017-06-03	2,815,555.13520000
2017-06-02	2,747,120.89290000
2017-06-01	2,610,475.91910000
2017-05-31	2,484,324.20670000
2017-05-30	2,567,399.87750000
2017-05-29	2,473,616.38740000
2017-05-28	2,588,714.72410000
2017-05-27	2,329,837.79110000
2017-05-26	2,531,015.25000000
2017-05-25	2,652,121.60770000
2017-05-24	2,740,584.91340000
2017-05-23	2,579,611.32430000
2017-05-22	2,353,622.20960000
2017-05-21	2,295,722.97280000
2017-05-20	2,284,001.29390000
2017-05-19	2,204,815.88820000
2017-05-18	2,133,784.81310000
2017-05-17	2,026,300.79730000
2017-05-16	1,915,633.91690000
2017-05-15	1,896,702.96380000
2017-05-14	1,986,975.41250000
2017-05-13	1,968,804.45850000
2017-05-12	1,911,532.30290000
2017-05-11	2,033,555.72050000
2017-05-10	1,976,105.92080000
2017-05-09	1,936,502.17250000
2017-05-08	1,852,732.53580000
2017-05-07	1,770,145.41090000
2017-05-06	1,757,907.64640000
2017-05-05	1,710,449.54040000
2017-05-04	1,703,392.84300000
2017-05-03	1,684,867.25780000
2017-05-02	1,628,337.91460000
2017-05-01	1,602,216.52690000
2017-04-30	1,534,757.37330000
2017-04-29	1,510,787.46250000
2017-04-28	1,503,531.29000000
2017-04-27	1,506,712.92190000
2017-04-26	1,458,211.73000000
2017-04-25	1,422,731.84720000